27

1111.111,111111 11 111111111111111 111 111111 flumen·
11111111, Hes. 11. 511ς ,1111 111. 21,1. 111101. 111, 1111
111, 111111 1111111111 1111111 11111117, 111,11111111 1111
1111111 1111111111 θηητός (admirabilis) 1111. 111. 111111. 111
1111111111 1111. 11, casa 11. 111, 111. 111111. 1111. 111. 180
1111 1111111111. 81 1111111 11111111 Hes. 11. 111; mam·
11. 17 11 1111111. 171 1111111111111111111111 11111111η11,
111111 1111111 111 ..111, 1111111 1111. 12, 111, 1111111111111.
1111. 1851 1111111110111. 175. Nlo. 111111. 021. fles. 11. 57⁶.
1111 praeterea observanda 111 111111 recentiorum 1111 111111
1111111139) J0V· 2¹· ΜΗΜΠ 11111 ἀπαρχῶν (V. 1, Bp. 11111.
Gr. 111. vill, 1. 111; 1. 17, 1. 111ς1. 111,171)1 11. 11111,
11711 conjectans versatur. 11111111 111111 1111111111 111 111
«111,, 111 1111111 1111111111, 1111 111 11111 ahoe 11 111.
micum 111111. 271, 1111111111 1111111111111 11111(11
καλεῖν, ὀνομάζειν), ΗΕΒ. nutem op. 7⁶0 φήμην φημίζειν 08( [am
. 1111111111. 11111111 11111111 11111111 111111 111111111111111111
vocabulum naiuvdyomew. 108. [111. 11. ⁹³. u. 1, 1211
11111111111111111 11111111. 81. 111. 112.

Tum Atticorum 1111111111, 11111111111111111111111111111,
1111111111111111111 11111111 1111111111 Callimachum, 11111111
1111 1111 11111111111111111 11111, 1111111 111 11111111111111
1111111111 111111 11111111. 1111 Aeschylo quidem 111111111111
1111111Ἀ,,111.,11,111111 11111111, 111, 130. Aescu. 111111.
111 ,111, 1111111. tr. 2. v. 7111111. 1111111111 1111111 111111.
’.11111111111111 111 1111111111. 111, 11 11111. Pers. 11.
”Avq 1111111111. 10. 111. 1111. 101 (well.) mc„ 111111.
311. 11111211. ’.1111711111 11. 230. Ae. 1111111841).
,1111111111111111111111 111 111 (11. 5, 107), 111111. 10,
11 11. 11111. 701. 111, 11111 usurpatur, 1111 11111 1111111.
’1.111, 11,1.,,.,111. 11 sumne 11111111. 111 ,1,
1· 1111111111 1111111. 1117111111 param lm. 8. 111. 81111952.

μ

31) Plane 11111111 111 11117111 δέ 01 7, 318.

10) 111. 11111. 1111. 1. 121 nisi 11111 1111111111 11111111 11111111
11111111 111. 111. 111. 111, 17.

 

